Starting preprocessing of the model file ...
Found 10 equation(s).
Evaluating expressions...done
Computing static model derivatives (order 1).
Computing dynamic model derivatives (order 1).
Processing outputs ...
done
Preprocessing completed.
[Warning: Matrix is singular to working precision.] 
[> In <a href="matlab:matlab.internal.language.introspective.errorDocCallback('trust_region>dogleg', '/Applications/Dynare/4.6.3/matlab/trust_region.m', 198)" style="font-weight:bold">trust_region>dogleg</a> (<a href="matlab: opentoline('/Applications/Dynare/4.6.3/matlab/trust_region.m',198,0)">line 198</a>)
In <a href="matlab:matlab.internal.language.introspective.errorDocCallback('trust_region', '/Applications/Dynare/4.6.3/matlab/trust_region.m', 115)" style="font-weight:bold">trust_region</a> (<a href="matlab: opentoline('/Applications/Dynare/4.6.3/matlab/trust_region.m',115,0)">line 115</a>)
In <a href="matlab:matlab.internal.language.introspective.errorDocCallback('dynare_solve', '/Applications/Dynare/4.6.3/matlab/dynare_solve.m', 255)" style="font-weight:bold">dynare_solve</a> (<a href="matlab: opentoline('/Applications/Dynare/4.6.3/matlab/dynare_solve.m',255,0)">line 255</a>)
In <a href="matlab:matlab.internal.language.introspective.errorDocCallback('evaluate_steady_state', '/Applications/Dynare/4.6.3/matlab/evaluate_steady_state.m', 221)" style="font-weight:bold">evaluate_steady_state</a> (<a href="matlab: opentoline('/Applications/Dynare/4.6.3/matlab/evaluate_steady_state.m',221,0)">line 221</a>)
In <a href="matlab:matlab.internal.language.introspective.errorDocCallback('steady_', '/Applications/Dynare/4.6.3/matlab/steady_.m', 55)" style="font-weight:bold">steady_</a> (<a href="matlab: opentoline('/Applications/Dynare/4.6.3/matlab/steady_.m',55,0)">line 55</a>)
In <a href="matlab:matlab.internal.language.introspective.errorDocCallback('steady', '/Applications/Dynare/4.6.3/matlab/steady.m', 80)" style="font-weight:bold">steady</a> (<a href="matlab: opentoline('/Applications/Dynare/4.6.3/matlab/steady.m',80,0)">line 80</a>)
In <a href="matlab:matlab.internal.language.introspective.errorDocCallback('JQ_2012_adapted.driver', '/Users/robertomauad/Library/Mobile Documents/com~apple~CloudDocs/2021/PhD/Paper_intangibles_mp_20220704/Empirical/code/intan_mp/rbc/+JQ_2012_adapted/driver.m', 250)" style="font-weight:bold">JQ_2012_adapted.driver</a> (<a href="matlab: opentoline('/Users/robertomauad/Library/Mobile Documents/com~apple~CloudDocs/2021/PhD/Paper_intangibles_mp_20220704/Empirical/code/intan_mp/rbc/+JQ_2012_adapted/driver.m',250,0)">line 250</a>)
In <a href="matlab:matlab.internal.language.introspective.errorDocCallback('dynare', '/Applications/Dynare/4.6.3/matlab/dynare.m', 293)" style="font-weight:bold">dynare</a> (<a href="matlab: opentoline('/Applications/Dynare/4.6.3/matlab/dynare.m',293,0)">line 293</a>)
] 

STEADY-STATE RESULTS:

c  		 0.484542
n  		 0.309003
w  		 1.32068
k  		 6.28238
R  		 1.01158
d  		 0.0107384
b  		 5.74125
mu 		 0.00616275
z  		 0.702044
xi 		 1

MODEL SUMMARY

  Number of variables:         10
  Number of stochastic shocks: 2
  Number of state variables:   4
  Number of jumpers:           5
  Number of static variables:  2


MATRIX OF COVARIANCE OF EXOGENOUS SHOCKS
Variables       eps_z    eps_xi
eps_z        0.000020  0.000000
eps_xi       0.000000  0.000096

POLICY AND TRANSITION FUNCTIONS
                                   c               n               w               k               R               d               b              mu               z              xi
Constant                    0.484542        0.309003        1.320681        6.282381        1.011578        0.010738        5.741251        0.006163        0.702044        1.000000
k(-1)                       0.058727        0.057874        0.270680        1.029947       -0.005130        0.805344        0.888072       -0.215202               0               0
b(-1)                      -0.006211       -0.079804       -0.169457       -0.099838        0.000393       -0.841037        0.009733        0.221435               0               0
xi(-1)                      0.003063        0.055001        0.113470        0.070027        0.000134        0.519058        0.631676       -0.150006               0        0.970300
z(-1)                       0.202016        0.279936        1.085654        1.034262        0.064919       -0.513728        0.357760        0.198588        0.945700               0
eps_z                       0.149968        0.207811        0.805939        0.767788        0.048193       -0.381368        0.265585        0.147423        0.702044               0
eps_xi                      0.003157        0.056685        0.116944        0.072170        0.000138        0.534946        0.651011       -0.154598               0        1.000000


THEORETICAL MOMENTS (Bandpass filter, (6 32))
VARIABLE         MEAN  STD. DEV.   VARIANCE
c              0.4845     0.0012     0.0000
n              0.3090     0.0014     0.0000
w              1.3207     0.0052     0.0000
k              6.2824     0.0145     0.0002
R              1.0116     0.0003     0.0000
d              0.0107     0.0032     0.0000
b              5.7413     0.0156     0.0002
mu             0.0062     0.0009     0.0000
z              0.7020     0.0038     0.0000
xi             1.0000     0.0117     0.0001



VARIANCE DECOMPOSITION (in percent) (Bandpass filter, (6 32))
       eps_z  eps_xi
c      99.89    0.11
n      94.59    5.41
w      98.46    1.54
k      99.58    0.42
R     100.00    0.00
d      11.28   88.72
b      70.97   29.03
mu     18.19   81.81
z     100.00    0.00
xi      0.00  100.00



MATRIX OF CORRELATIONS (Bandpass filter, (6 32))
Variables         c       n       w       k       R       d       b      mu       z      xi
c            1.0000  0.6178  0.9187  0.8832  0.5409  0.1660  0.6692  0.0084  0.7422  0.0331
n            0.6178  1.0000  0.8781  0.1959  0.9654  0.2024  0.0410  0.0636  0.9600  0.0880
w            0.9187  0.8781  1.0000  0.6357  0.8140  0.2026  0.4277  0.0371  0.9338  0.0644
k            0.8832  0.1959  0.6357  1.0000  0.0837  0.2291  0.8589 -0.1732  0.3414  0.0642
R            0.5409  0.9654  0.8140  0.0837  1.0000 -0.0512 -0.0957  0.3144  0.9650  0.0015
d            0.1660  0.2024  0.2026  0.2291 -0.0512  1.0000  0.2800 -0.9485  0.0068  0.2106
b            0.6692  0.0410  0.4277  0.8589 -0.0957  0.2800  1.0000 -0.3530  0.1264  0.5379
mu           0.0084  0.0636  0.0371 -0.1732  0.3144 -0.9485 -0.3530  1.0000  0.2588 -0.3631
z            0.7422  0.9600  0.9338  0.3414  0.9650  0.0068  0.1264  0.2588  1.0000 -0.0000
xi           0.0331  0.0880  0.0644  0.0642  0.0015  0.2106  0.5379 -0.3631 -0.0000  1.0000



COEFFICIENTS OF AUTOCORRELATION (Bandpass filter, (6 32))
Order          1       2       3       4       5
c         0.9353  0.7618  0.5301  0.2939  0.0864
n         0.8958  0.6287  0.3063  0.0346 -0.1369
w         0.9123  0.6841  0.3988  0.1403 -0.0482
k         0.9535  0.8234  0.6341  0.4152  0.1920
R         0.8976  0.6343  0.3149  0.0430 -0.1322
d         0.7944  0.3024 -0.1908 -0.4391 -0.3909
b         0.9404  0.7789  0.5586  0.3264  0.1136
mu        0.8004  0.3219 -0.1611 -0.4107 -0.3755
z         0.9000  0.6426  0.3290  0.0595 -0.1177
xi        0.9013  0.6469  0.3363  0.0679 -0.1103
Total computing time : 0h00m11s
Note: warning(s) encountered in MATLAB/Octave code
